function [area_1, area_2, area_3] = getdata

area_1 = [399.48	125.4	1216.6	0	2135
422.82	127.1	1204.7	0	1915
426.6	132.95	1349.6	0	1605
455.28	139.45	1311.1	0	720
466.62	133.6	1373.4	0	1210
477.96	151.15	1417.5	0	945
513.78	226.55	1392.3	44.4	1480
501.18	230.8	1467.2	97.8	1705
553.8	248.35	1579.9	114	2640
662.16	260.05	1530.2	231.6	2020
669.72	265.9	1605.1	295.8	3490
696.18	283.45	1705.2	360	2955
708	336.1	1549.8	312.6	2555
667.26	289.95	1525.3	248.4	3540
654.12	278.77	1481.9	131.4	1985
645.42	279.03	1357.65	99.6	2697.5
634.08	284.225	1401.4	52.2	2120
615.6	284.485	1426.6	15	1680
603.06	273.24	1408.4	0	2705
590.64	250.36	1495.9	0	2795
548.34	227.48	1446.2	0	4440
522.3	283.4	1383.9	0	1955
451.56	184.6	1309.7	0	2665
439.56	144.3	1216.6	0	2620
];
area_2 = [865.54	627	1564.2	0
916.11	635.5	1548.9	0
924.3	664.75	1735.2	0
986.44	697.25	1685.7	0
1011.01	668	1765.8	0
1035.58	755.75	1822.5	0
1113.19	1132.75	1790.1	392.2
1085.89	1154	1886.4	863.9
1199.9	1241.75	2031.3	1007
1434.68	1300.25	1967.4	2045.8
1451.06	1329.5	2063.7	2612.9
1508.39	1417.25	2192.4	3180
1534	1680.5	1992.6	2761.3
1445.73	1449.75	1961.1	2194.2
1417.26	1393.85	1905.3	1160.7
1398.41	1395.15	1745.55	879.8
1373.84	1421.125	1801.8	461.1
1333.8	1422.425	1834.2	132.5
1306.63	1366.2	1810.8	0
1279.72	1251.8	1923.3	0
1188.07	1137.4	1859.4	0
1131.65	1417	1779.3	0
978.38	923	1683.9	0
952.38	721.5	1564.2	0
];
area_3 = [399.48	125.4	1216.6	0	298.9
422.82	127.1	1204.7	0	268.1
426.6	132.95	1349.6	0	224.7
455.28	139.45	1311.1	0	100.8
466.62	133.6	1373.4	0	169.4
477.96	151.15	1417.5	0	132.3
513.78	226.55	1392.3	44.4	207.2
501.18	230.8	1467.2	97.8	238.7
553.8	248.35	1579.9	114	369.6
662.16	260.05	1530.2	231.6	282.8
669.72	265.9	1605.1	295.8	488.6
696.18	283.45	1705.2	360	413.7
708	336.1	1549.8	312.6	357.7
667.26	289.95	1525.3	248.4	495.6
654.12	278.77	1481.9	131.4	277.9
645.42	279.03	1357.65	99.6	377.65
634.08	284.225	1401.4	52.2	296.8
615.6	284.485	1426.6	15	235.2
603.06	273.24	1408.4	0	378.7
590.64	250.36	1495.9	0	391.3
548.34	227.48	1446.2	0	621.6
522.3	283.4	1383.9	0	273.7
451.56	184.6	1309.7	0	373.1
439.56	144.3	1216.6	0	366.8
];